Açı(derece)	Dmin(metre)
------------------------------
0.00		5086.1958
0.10		4628.9959
0.20		4199.9355
0.30		3813.8315
0.40		3465.1855
0.50		3149.5853
0.60		2863.4622
0.70		2597.7209
0.80		2362.8513
0.90		2144.9783
1.00		1943.8792
1.10		1768.4751
1.20		1604.6247
1.30		1464.9216
1.40		1341.4929
1.50		1235.5228
1.60		1150.2472
1.70		1085.1607
1.80		1038.5231
1.90		1010.4890
2.00		997.6851
2.10		986.5440
2.20		975.3925
2.30		964.2307
2.40		953.0588
2.50		941.8769
2.60		930.6850
2.70		919.4833
2.80		908.2718
2.90		897.0505
3.00		885.8178
3.10		874.5755
3.20		863.3238
3.30		852.0628
3.40		840.7927
3.50		829.5136
3.60		818.2253
3.70		806.9255
3.80		795.6169
3.90		784.2998
4.00		772.9743
4.10		761.6406
4.20		750.2957
4.30		738.9419
4.40		727.5802
4.50		716.2110
4.60		704.8329
4.70		693.4439
4.80		682.0478
4.90		670.6449
5.00		659.2328
5.10		647.8106
5.20		636.3822
5.30		624.9478
5.40		613.5010
5.50		602.0482
5.60		590.5901
5.70		579.1208
5.80		567.6448
5.90		556.1644
6.00		544.6722
6.10		533.1746
6.20		521.6724
6.30		510.1579
6.40		498.6405
6.50		487.1145
6.60		475.5813
6.70		464.0448
6.80		452.4962
6.90		440.9469
7.00		429.3856
7.10		417.8223
7.20		406.2499
7.30		394.6736
7.40		383.0897
7.50		371.5012
7.60		359.9058
7.70		348.3062
7.80		336.6988
7.90		325.0897
8.00		313.4698
8.10		301.8529
8.20		290.2203
8.30		278.5909
8.40		266.9520
8.50		255.3092
8.60		243.6673
8.70		232.0105
8.80		220.3571
8.90		208.6984
9.00		197.0300
9.10		185.3651
9.20		173.6939
9.30		162.0126
9.40		150.3350
9.50		138.6587
9.60		126.9629
9.70		115.2705
9.80		103.5830
9.90		91.8920
10.00		80.1817
10.10		68.4753
10.20		56.7752
10.30		45.0865
10.40		33.3793
10.50		21.6501
10.60		9.9218
10.70		1.8266
10.80		13.5433
10.90		25.2726
11.00		37.0027
11.10		48.7164
11.20		60.4313
11.30		72.1535
11.40		83.8801
11.50		95.6095
11.60		107.3408
11.70		119.0734
11.80		130.8071
11.90		142.5414
12.00		154.2764
12.10		166.0118
12.20		177.7475
12.30		189.4836
12.40		201.2199
12.50		212.9564
12.60		224.6930
12.70		236.4297
12.80		248.1615
12.90		259.8926
13.00		271.6238
13.10		283.3548
13.20		295.0858
13.30		306.8167
13.40		318.5470
13.50		330.2702
13.60		341.9933
13.70		353.7163
13.80		365.4393
13.90		377.1581
14.00		388.8725
14.10		400.5869
14.20		412.3012
14.30		424.0085
14.40		435.7138
14.50		447.4191
14.60		459.1189
14.70		470.8149
14.80		482.5110
14.90		494.2000
15.00		505.8866
15.10		517.5718
15.20		529.2487
15.30		540.9258
15.40		552.5955
15.50		564.2628
15.60		575.9254
15.70		587.5828
15.80		599.2368
15.90		610.8844
16.00		622.5286
16.10		634.1662
16.20		645.7997
16.30		657.4274
16.40		669.0493
16.50		680.6670
16.60		692.2764
16.70		703.8831
16.80		715.4805
16.90		727.0734
17.00		738.6608
17.10		750.2394
17.20		761.8137
17.30		773.3806
17.40		784.9394
17.50		796.4931
17.60		808.0395
17.70		819.5769
17.80		831.1084
17.90		842.6335
18.00		854.1487
18.10		865.6565
18.20		877.1575
18.30		888.6512
18.40		900.1352
18.50		911.6107
18.60		923.0785
18.70		934.5383
18.80		945.9900
18.90		957.4321
19.00		968.8646
19.10		980.2885
19.20		991.7036
19.30		1003.1098
19.40		1014.5068
19.50		1025.8945
19.60		1037.2727
19.70		1048.6407
19.80		1059.9985
19.90		1071.3465
20.00		1082.6846
20.10		1094.0126
20.20		1105.3305
20.30		1116.6380
20.40		1127.9351
20.50		1139.2217
20.60		1150.4976
20.70		1161.7627
20.80		1173.0169
20.90		1184.2602
21.00		1195.4923
21.10		1206.7134
21.20		1217.9231
21.30		1229.1215
21.40		1240.3084
21.50		1251.4839
21.60		1262.6470
21.70		1273.7981
21.80		1284.9374
21.90		1296.0648
22.00		1307.1802
22.10		1318.2836
22.20		1329.3748
22.30		1340.4539
22.40		1351.5208
22.50		1362.5737
22.60		1373.6142
22.70		1384.6422
22.80		1395.6577
22.90		1406.6606
23.00		1417.6509
23.10		1428.6264
23.20		1439.5892
23.30		1450.5391
23.40		1461.4762
23.50		1472.4001
23.60		1483.3089
23.70		1494.2047
23.80		1505.0874
23.90		1515.9569
24.00		1526.8112
24.10		1537.6518
24.20		1548.4790
24.30		1559.2929
24.40		1570.0911
24.50		1580.8754
24.60		1591.6463
24.70		1602.4030
24.80		1613.1438
24.90		1623.8711
25.00		1634.5848
25.10		1645.2822
25.20		1655.9654
25.30		1666.6349
25.40		1677.2886
25.50		1687.9273
25.60		1698.5521
25.70		1709.1613
25.80		1719.7549
25.90		1730.3346
26.00		1740.8985
26.10		1751.4467
26.20		1761.9809
26.30		1772.4986
26.40		1783.0011
26.50		1793.4894
26.60		1803.9604
26.70		1814.4167
26.80		1824.8582
26.90		1835.2823
27.00		1845.6921
27.10		1856.0857
27.20		1866.4631
27.30		1876.8261
27.40		1887.1713
27.50		1897.5016
27.60		1907.8161
27.70		1918.1137
27.80		1928.3968
27.90		1938.6619
28.00		1948.9119
28.10		1959.1458
28.20		1969.3627
28.30		1979.5649
28.40		1989.7486
28.50		1999.9175
28.60		2010.0694
28.70		2020.2048
28.80		2030.3246
28.90		2040.4265
29.00		2050.5135
29.10		2060.5822
29.20		2070.6355
29.30		2080.6716
29.40		2090.6910
29.50		2100.6945
29.60		2110.6799
29.70		2120.6504
29.80		2130.6019
29.90		2140.5383
30.00		2150.4566
30.10		2160.3588
30.20		2170.2439
30.30		2180.1118
30.40		2189.9636
30.50		2199.7970
30.60		2209.6153
30.70		2219.4142
30.80		2229.1979
30.90		2238.9632
31.00		2248.7123
31.10		2258.4438
31.20		2268.1582
31.30		2277.8558
31.40		2287.5354
31.50		2297.1990
31.60		2306.8437
31.70		2316.4732
31.80		2326.0831
31.90		2335.6776
32.00		2345.2532
32.10		2354.8127
32.20		2364.3541
32.30		2373.8784
32.40		2383.3854
32.50		2392.8746
32.60		2402.3472
32.70		2411.8011
32.80		2421.2392
32.90		2430.6579
33.00		2440.0611
33.10		2449.4447
33.20		2458.8125
33.30		2468.1616
33.40		2477.4939
33.50		2486.8083
33.60		2496.1052
33.70		2505.3848
33.80		2514.6462
33.90		2523.8911
34.00		2533.1168
34.10		2542.3270
34.20		2551.5171
34.30		2560.6916
34.40		2569.8469
34.50		2578.9856
34.60		2588.1061
34.70		2597.2091
34.80		2606.2947
34.90		2615.3619
35.00		2624.4127
35.10		2633.4441
35.20		2642.4598
35.30		2651.4555
35.40		2660.4353
35.50		2669.3962
35.60		2678.3400
35.70		2687.2660
35.80		2696.1739
35.90		2705.0651
36.00		2713.9369
36.10		2722.7930
36.20		2731.6291
36.30		2740.4491
36.40		2749.2504
36.50		2758.0343
36.60		2766.8008
36.70		2775.5486
36.80		2784.2803
36.90		2792.9920
37.00		2801.6878
37.10		2810.3645
37.20		2819.0241
37.30		2827.6661
37.40		2836.2895
37.50		2844.8968
37.60		2853.4840
37.70		2862.0553
37.80		2870.6076
37.90		2879.1426
38.00		2887.6604
38.10		2896.1591
38.20		2904.6419
38.30		2913.1048
38.40		2921.5513
38.50		2929.9798
38.60		2938.3899
38.70		2946.7840
38.80		2955.1578
38.90		2963.5156
39.00		2971.8550
39.10		2980.1764
39.20		2988.4816
39.30		2996.7666
39.40		3005.0357
39.50		3013.2863
39.60		3021.5189
39.70		3029.7354
39.80		3037.9317
39.90		3046.1119
40.00		3054.2740
40.10		3062.4178
40.20		3070.5455
40.30		3078.6534
40.40		3086.7446
40.50		3094.8188
40.60		3102.8736
40.70		3110.9123
40.80		3118.9324
40.90		3126.9346
41.00		3134.9207
41.10		3142.8870
41.20		3150.8366
41.30		3158.7694
41.40		3166.6826
41.50		3174.5797
41.60		3182.4588
41.70		3190.3194
41.80		3198.1638
41.90		3205.9895
42.00		3213.7975
42.10		3221.5893
42.20		3229.3617
42.30		3237.1170
42.40		3244.8561
42.50		3252.5754
42.60		3260.2780
42.70		3267.9644
42.80		3275.6307
42.90		3283.2807
43.00		3290.9144
43.10		3298.5280
43.20		3306.1254
43.30		3313.7064
43.40		3321.2674
43.50		3328.8121
43.60		3336.3405
43.70		3343.8490
43.80		3351.3410
43.90		3358.8168
44.00		3366.2732
44.10		3373.7125
44.20		3381.1356
44.30		3388.5401
44.40		3395.9268
44.50		3403.2972
44.60		3410.6500
44.70		3417.9840
44.80		3425.3018
44.90		3432.6031
45.00		3439.8846
45.10		3447.1497
45.20		3454.3985
45.30		3461.6287
45.40		3468.8412
45.50		3476.0374
45.60		3483.2167
45.70		3490.3767
45.80		3497.5203
45.90		3504.6476
46.00		3511.7564
46.10		3518.8475
46.20		3525.9222
46.30		3532.9805
46.40		3540.0193
46.50		3547.0415
46.60		3554.0473
46.70		3561.0361
46.80		3568.0058
46.90		3574.9592
47.00		3581.8961
47.10		3588.8156
47.20		3595.7165
47.30		3602.6011
47.40		3609.4692
47.50		3616.3198
47.60		3623.1520
47.70		3629.9678
47.80		3636.7672
47.90		3643.5494
48.00		3650.3128
48.10		3657.0599
48.20		3663.7905
48.30		3670.5048
48.40		3677.1996
48.50		3683.8780
48.60		3690.5400
48.70		3697.1856
48.80		3703.8131
48.90		3710.4229
49.00		3717.0164
49.10		3723.5934
49.20		3730.1540
49.30		3736.6954
49.40		3743.2203
49.50		3749.7288
49.60		3756.2209
49.70		3762.6961
49.80		3769.1526
49.90		3775.5927
50.00		3782.0164
50.10		3788.4237
50.20		3794.8142
50.30		3801.1860
50.40		3807.5414
50.50		3813.8805
50.60		3820.2031
50.70		3826.5092
50.80		3832.7969
50.90		3839.0677
51.00		3845.3222
51.10		3851.5602
51.20		3857.7818
51.30		3863.9865
51.40		3870.1729
51.50		3876.3430
51.60		3882.4966
51.70		3888.6338
51.80		3894.7546
51.90		3900.8586
52.00		3906.9444
52.10		3913.0138
52.20		3919.0668
52.30		3925.1034
52.40		3931.1236
52.50		3937.1275
52.60		3943.1134
52.70		3949.0824
52.80		3955.0349
52.90		3960.9712
53.00		3966.8910
53.10		3972.7945
53.20		3978.6817
53.30		3984.5512
53.40		3990.4036
53.50		3996.2397
53.60		4002.0595
53.70		4007.8629
53.80		4013.6499
53.90		4019.4207
54.00		4025.1751
54.10		4030.9117
54.20		4036.6317
54.30		4042.3353
54.40		4048.0226
54.50		4053.6936
54.60		4059.3483
54.70		4064.9866
54.80		4070.6087
54.90		4076.2144
55.00		4081.8027
55.10		4087.3743
55.20		4092.9296
55.30		4098.4686
55.40		4103.9914
55.50		4109.4979
55.60		4114.9881
55.70		4120.4621
55.80		4125.9198
55.90		4131.3612
56.00		4136.7864
56.10		4142.1942
56.20		4147.5856
56.30		4152.9608
56.40		4158.3197
56.50		4163.6625
56.60		4168.9890
56.70		4174.2994
56.80		4179.5935
56.90		4184.8714
57.00		4190.1332
57.10		4195.3787
57.20		4200.6081
57.30		4205.8213
57.40		4211.0183
57.50		4216.1987
57.60		4221.3625
57.70		4226.5101
57.80		4231.6416
57.90		4236.7570
58.00		4241.8563
58.10		4246.9394
58.20		4252.0064
58.30		4257.0574
58.40		4262.0922
58.50		4267.1110
58.60		4272.1137
58.70		4277.1003
58.80		4282.0708
58.90		4287.0252
59.00		4291.9637
59.10		4296.8860
59.20		4301.7923
59.30		4306.6826
59.40		4311.5569
59.50		4316.4151
59.60		4321.2573
59.70		4326.0835
59.80		4330.8937
59.90		4335.6880
60.00		4340.4662
60.10		4345.2285
60.20		4349.9748
60.30		4354.7052
60.40		4359.4196
60.50		4364.1181
60.60		4368.8006
60.70		4373.4673
60.80		4378.1180
60.90		4382.7528
61.00		4387.3717
61.10		4391.9748
61.20		4396.5620
61.30		4401.1333
61.40		4405.6887
61.50		4410.2284
61.60		4414.7522
61.70		4419.2601
61.80		4423.7523
61.90		4428.2287
62.00		4432.6893
62.10		4437.1341
62.20		4441.5631
62.30		4445.9764
62.40		4450.3740
62.50		4454.7558
62.60		4459.1219
62.70		4463.4723
62.80		4467.8070
62.90		4472.1261
63.00		4476.4294
63.10		4480.7171
63.20		4484.9892
63.30		4489.2457
63.40		4493.4865
63.50		4497.7117
63.60		4501.9214
63.70		4506.1154
63.80		4510.2940
63.90		4514.4568
64.00		4518.6032
64.10		4522.7341
64.20		4526.8494
64.30		4530.9491
64.40		4535.0334
64.50		4539.1022
64.60		4543.1555
64.70		4547.1933
64.80		4551.2157
64.90		4555.2227
65.00		4559.2142
65.10		4563.1904
65.20		4567.1512
65.30		4571.0966
65.40		4575.0267
65.50		4578.9399
65.60		4582.8377
65.70		4586.7202
65.80		4590.5874
65.90		4594.4392
66.00		4598.2758
66.10		4602.0971
66.20		4605.9032
66.30		4609.6940
66.40		4613.4697
66.50		4617.2301
66.60		4620.9746
66.70		4624.7027
66.80		4628.4156
66.90		4632.1134
67.00		4635.7961
67.10		4639.4636
67.20		4643.1161
67.30		4646.7534
67.40		4650.3758
67.50		4653.9831
67.60		4657.5736
67.70		4661.1485
67.80		4664.7084
67.90		4668.2533
68.00		4671.7833
68.10		4675.2983
68.20		4678.7983
68.30		4682.2835
68.40		4685.7533
68.50		4689.2061
68.60		4692.6439
68.70		4696.0669
68.80		4699.4751
68.90		4702.8684
69.00		4706.2470
69.10		4709.6108
69.20		4712.9587
69.30		4716.2900
69.40		4719.6067
69.50		4722.9086
69.60		4726.1958
69.70		4729.4683
69.80		4732.7263
69.90		4735.9687
70.00		4739.1942
70.10		4742.4051
70.20		4745.6013
70.30		4748.7830
70.40		4751.9502
70.50		4755.1029
70.60		4758.2391
70.70		4761.3593
70.80		4764.4650
70.90		4767.5563
71.00		4770.6332
71.10		4773.6957
71.20		4776.7427
71.30		4779.7727
71.40		4782.7884
71.50		4785.7897
71.60		4788.7767
71.70		4791.7495
71.80		4794.7068
71.90		4797.6471
72.00		4800.5732
72.10		4803.4850
72.20		4806.3827
72.30		4809.2662
72.40		4812.1331
72.50		4814.9842
72.60		4817.8211
72.70		4820.6440
72.80		4823.4529
72.90		4826.2471
73.00		4829.0235
73.10		4831.7859
73.20		4834.5344
73.30		4837.2689
73.40		4839.9895
73.50		4842.6921
73.60		4845.3802
73.70		4848.0545
73.80		4850.7150
73.90		4853.3617
74.00		4855.9907
74.10		4858.6049
74.20		4861.2055
74.30		4863.7923
74.40		4866.3655
74.50		4868.9204
74.60		4871.4611
74.70		4873.9882
74.80		4876.5018
74.90		4879.0010
75.00		4881.4822
75.10		4883.9498
75.20		4886.4039
75.30		4888.8446
75.40		4891.2689
75.50		4893.6772
75.60		4896.0721
75.70		4898.4536
75.80		4900.8217
75.90		4903.1709
76.00		4905.5067
76.10		4907.8293
76.20		4910.1387
76.30		4912.4311
76.40		4914.7081
76.50		4916.9720
76.60		4919.2228
76.70		4921.4582
76.80		4923.6767
76.90		4925.8820
77.00		4928.0744
77.10		4930.2528
77.20		4932.4128
77.30		4934.5599
77.40		4936.6941
77.50		4938.8150
77.60		4940.9169
77.70		4943.0060
77.80		4945.0823
77.90		4947.1455
78.00		4949.1896
78.10		4951.2209
78.20		4953.2395
78.30		4955.2448
78.40		4957.2312
78.50		4959.2049
78.60		4961.1662
78.70		4963.1132
78.80		4965.0422
78.90		4966.9588
79.00		4968.8629
79.10		4970.7514
79.20		4972.6234
79.30		4974.4830
79.40		4976.3303
79.50		4978.1600
79.60		4979.9752
79.70		4981.7781
79.80		4983.5687
79.90		4985.3395
80.00		4987.0982
80.10		4988.8448
80.20		4990.5761
80.30		4992.2906
80.40		4993.9932
80.50		4995.6837
80.60		4997.3555
80.70		4999.0140
80.80		5000.6607
80.90		5002.2928
81.00		5003.9075
81.10		5005.5104
81.20		5007.1016
81.30		5008.6737
81.40		5010.2330
81.50		5011.7806
81.60		5013.3127
81.70		5014.8284
81.80		5016.3325
81.90		5017.8245
82.00		5019.2968
82.10		5020.7577
82.20		5022.2071
82.30		5023.6384
82.40		5025.0560
82.50		5026.4624
82.60		5027.8532
82.70		5029.2278
82.80		5030.5911
82.90		5031.9414
83.00		5033.2730
83.10		5034.5936
83.20		5035.9031
83.30		5037.1920
83.40		5038.4698
83.50		5039.7367
83.60		5040.9847
83.70		5042.2200
83.80		5043.4445
83.90		5044.6514
84.00		5045.8443
84.10		5047.0265
84.20		5048.1922
84.30		5049.3428
84.40		5050.4829
84.50		5051.6072
84.60		5052.7159
84.70		5053.8140
84.80		5054.8968
84.90		5055.9635
85.00		5057.0198
85.10		5058.0610
85.20		5059.0860
85.30		5060.1006
85.40		5061.1001
85.50		5062.0835
85.60		5063.0567
85.70		5064.0143
85.80		5064.9562
85.90		5065.8882
86.00		5066.8037
86.10		5067.7045
86.20		5068.5953
86.30		5069.4686
86.40		5070.3284
86.50		5071.1783
86.60		5072.0093
86.70		5072.8282
86.80		5073.6374
86.90		5074.4260
87.00		5075.2042
87.10		5075.9716
87.20		5076.7189
87.30		5077.4567
87.40		5078.1814
87.50		5078.8883
87.60		5079.5858
87.70		5080.2678
87.80		5080.9345
87.90		5081.5920
88.00		5082.2309
88.10		5082.8577
88.20		5083.4752
88.30		5084.0713
88.40		5084.6583
88.50		5085.2326
88.60		5085.7890
88.70		5086.3365
88.80		5086.8676
88.90		5087.3845
89.00		5087.8927
89.10		5088.3803
89.20		5088.8580
89.30		5089.3239
89.40		5089.7712
89.50		5090.2099
89.60		5090.6321
89.70		5091.0405
89.80		5091.4406
89.90		5091.8190
