Zaman(s)	Ivme_y(m/s^2)
------------------------------
0.00		-49.2699
0.01		-49.1242
0.02		-48.9792
0.03		-48.8349
0.04		-48.6913
0.05		-48.5485
0.06		-48.4063
0.07		-48.2648
0.08		-48.1240
0.09		-47.9839
0.10		-47.8445
0.11		-47.7058
0.12		-47.5677
0.13		-47.4303
0.14		-47.2936
0.15		-47.1575
0.16		-47.0220
0.17		-46.8873
0.18		-46.7531
0.19		-46.6196
0.20		-46.4868
0.21		-46.3546
0.22		-46.2230
0.23		-46.0920
0.24		-45.9617
0.25		-45.8319
0.26		-45.7028
0.27		-45.5743
0.28		-45.4464
0.29		-45.3192
0.30		-45.1925
0.31		-45.0664
0.32		-44.9409
0.33		-44.8159
0.34		-44.6916
0.35		-44.5679
0.36		-44.4447
0.37		-44.3221
0.38		-44.2000
0.39		-44.0786
0.40		-43.9577
0.41		-43.8373
0.42		-43.7175
0.43		-43.5983
0.44		-43.4796
0.45		-43.3615
0.46		-43.2439
0.47		-43.1268
0.48		-43.0103
0.49		-42.8943
0.50		-42.7788
0.51		-42.6639
0.52		-42.5495
0.53		-42.4356
0.54		-42.3222
0.55		-42.2093
0.56		-42.0969
0.57		-41.9851
0.58		-41.8737
0.59		-41.7629
0.60		-41.6526
0.61		-41.5427
0.62		-41.4333
0.63		-41.3245
0.64		-41.2161
0.65		-41.1082
0.66		-41.0008
0.67		-40.8938
0.68		-40.7873
0.69		-40.6813
0.70		-40.5758
0.71		-40.4707
0.72		-40.3662
0.73		-40.2620
0.74		-40.1583
0.75		-40.0551
0.76		-39.9523
0.77		-39.8500
0.78		-39.7481
0.79		-39.6467
0.80		-39.5457
0.81		-39.4452
0.82		-39.3451
0.83		-39.2454
0.84		-39.1462
0.85		-39.0474
0.86		-38.9490
0.87		-38.8510
0.88		-38.7535
0.89		-38.6564
0.90		-38.5597
0.91		-38.4634
0.92		-38.3675
0.93		-38.2720
0.94		-38.1770
0.95		-38.0823
0.96		-37.9881
0.97		-37.8943
0.98		-37.8008
0.99		-37.7078
1.00		-37.6151
1.01		-37.5229
1.02		-37.4310
1.03		-37.3395
1.04		-37.2484
1.05		-37.1577
1.06		-37.0674
1.07		-36.9774
1.08		-36.8878
1.09		-36.7986
1.10		-36.7098
1.11		-36.6214
1.12		-36.5333
1.13		-36.4456
1.14		-36.3582
1.15		-36.2712
1.16		-36.1846
1.17		-36.0983
1.18		-36.0124
1.19		-35.9268
1.20		-35.8416
1.21		-35.7567
1.22		-35.6722
1.23		-35.5881
1.24		-35.5043
1.25		-35.4208
1.26		-35.3376
1.27		-35.2549
1.28		-35.1724
1.29		-35.0903
1.30		-35.0085
1.31		-34.9270
1.32		-34.8459
1.33		-34.7651
1.34		-34.6846
1.35		-34.6045
1.36		-34.5247
1.37		-34.4452
1.38		-34.3660
1.39		-34.2871
1.40		-34.2086
1.41		-34.1304
1.42		-34.0525
1.43		-33.9749
1.44		-33.8976
1.45		-33.8206
1.46		-33.7439
1.47		-33.6675
1.48		-33.5914
1.49		-33.5157
1.50		-33.4402
1.51		-33.3650
1.52		-33.2902
1.53		-33.2156
1.54		-33.1413
1.55		-33.0673
1.56		-32.9936
1.57		-32.9202
1.58		-32.8471
1.59		-32.7742
1.60		-32.7017
1.61		-32.6294
1.62		-32.5574
1.63		-32.4857
1.64		-32.4143
1.65		-32.3431
1.66		-32.2722
1.67		-32.2016
1.68		-32.1313
1.69		-32.0612
1.70		-31.9914
1.71		-31.9219
1.72		-31.8527
1.73		-31.7837
1.74		-31.7150
1.75		-31.6465
1.76		-31.5783
1.77		-31.5104
1.78		-31.4427
1.79		-31.3753
1.80		-31.3081
1.81		-31.2412
1.82		-31.1746
1.83		-31.1082
1.84		-31.0420
1.85		-30.9761
1.86		-30.9105
1.87		-30.8451
1.88		-30.7800
1.89		-30.7150
1.90		-30.6504
1.91		-30.5860
1.92		-30.5218
1.93		-30.4579
1.94		-30.3942
1.95		-30.3307
1.96		-30.2675
1.97		-30.2045
1.98		-30.1417
1.99		-30.0792
2.00		-30.0169
2.01		-29.9549
2.02		-29.8931
2.03		-29.8315
2.04		-29.7701
2.05		-29.7090
2.06		-29.6480
2.07		-29.5874
2.08		-29.5269
2.09		-29.4666
2.10		-29.4066
2.11		-29.3468
2.12		-29.2872
2.13		-29.2279
2.14		-29.1687
2.15		-29.1098
2.16		-29.0511
2.17		-28.9926
2.18		-28.9343
2.19		-28.8762
2.20		-28.8183
2.21		-28.7606
2.22		-28.7032
2.23		-28.6459
2.24		-28.5889
2.25		-28.5321
2.26		-28.4754
2.27		-28.4190
2.28		-28.3628
2.29		-28.3068
2.30		-28.2510
2.31		-28.1953
2.32		-28.1399
2.33		-28.0847
2.34		-28.0297
2.35		-27.9748
2.36		-27.9202
2.37		-27.8658
2.38		-27.8115
2.39		-27.7575
2.40		-27.7036
2.41		-27.6499
2.42		-27.5964
2.43		-27.5431
2.44		-27.4900
2.45		-27.4371
2.46		-27.3844
2.47		-27.3318
2.48		-27.2795
2.49		-27.2273
2.50		-27.1753
2.51		-27.1235
2.52		-27.0718
2.53		-27.0204
2.54		-26.9691
2.55		-26.9180
2.56		-26.8671
2.57		-26.8163
2.58		-26.7658
2.59		-26.7154
2.60		-26.6652
2.61		-26.6151
2.62		-26.5653
2.63		-26.5156
2.64		-26.4660
2.65		-26.4167
2.66		-26.3675
2.67		-26.3185
2.68		-26.2696
2.69		-26.2209
2.70		-26.1724
2.71		-26.1241
2.72		-26.0759
2.73		-26.0278
2.74		-25.9800
2.75		-25.9323
2.76		-25.8848
2.77		-25.8374
2.78		-25.7902
2.79		-25.7431
2.80		-25.6962
2.81		-25.6495
2.82		-25.6029
2.83		-25.5565
2.84		-25.5102
2.85		-25.4641
2.86		-25.4182
2.87		-25.3724
2.88		-25.3267
2.89		-25.2812
2.90		-25.2359
2.91		-25.1907
2.92		-25.1457
2.93		-25.1008
2.94		-25.0560
2.95		-25.0114
2.96		-24.9670
2.97		-24.9227
2.98		-24.8786
2.99		-24.8346
3.00		-24.7907
3.01		-24.7470
3.02		-24.7034
3.03		-24.6600
3.04		-24.6167
3.05		-24.5736
3.06		-24.5306
3.07		-24.4877
3.08		-24.4450
3.09		-24.4025
3.10		-24.3600
3.11		-24.3177
3.12		-24.2756
3.13		-24.2336
3.14		-24.1917
3.15		-24.1499
3.16		-24.1083
3.17		-24.0668
3.18		-24.0255
3.19		-23.9843
3.20		-23.9432
3.21		-23.9023
3.22		-23.8615
3.23		-23.8208
3.24		-23.7802
3.25		-23.7398
3.26		-23.6995
3.27		-23.6594
3.28		-23.6194
3.29		-23.5795
3.30		-23.5397
3.31		-23.5000
3.32		-23.4605
3.33		-23.4211
3.34		-23.3819
3.35		-23.3427
3.36		-23.3037
3.37		-23.2648
3.38		-23.2261
3.39		-23.1874
3.40		-23.1489
3.41		-23.1105
3.42		-23.0722
3.43		-23.0341
3.44		-22.9960
3.45		-22.9581
3.46		-22.9203
3.47		-22.8826
3.48		-22.8451
3.49		-22.8076
3.50		-22.7703
3.51		-22.7331
3.52		-22.6960
3.53		-22.6590
3.54		-22.6222
3.55		-22.5854
3.56		-22.5488
3.57		-22.5123
3.58		-22.4759
3.59		-22.4396
3.60		-22.4034
3.61		-22.3673
3.62		-22.3314
3.63		-22.2955
3.64		-22.2598
3.65		-22.2242
3.66		-22.1887
3.67		-22.1533
3.68		-22.1180
3.69		-22.0828
3.70		-22.0477
3.71		-22.0127
3.72		-21.9779
3.73		-21.9431
3.74		-21.9085
3.75		-21.8739
3.76		-21.8395
3.77		-21.8052
3.78		-21.7709
3.79		-21.7368
3.80		-21.7028
3.81		-21.6689
3.82		-21.6351
3.83		-21.6014
3.84		-21.5678
3.85		-21.5343
3.86		-21.5008
3.87		-21.4675
3.88		-21.4343
3.89		-21.4012
3.90		-21.3682
3.91		-21.3353
3.92		-21.3025
3.93		-21.2698
3.94		-21.2372
3.95		-21.2047
3.96		-21.1723
3.97		-21.1400
3.98		-21.1077
3.99		-21.0756
4.00		-21.0436
4.01		-21.0117
4.02		-20.9798
4.03		-20.9481
4.04		-20.9164
4.05		-20.8849
4.06		-20.8534
4.07		-20.8221
4.08		-20.7908
4.09		-20.7596
4.10		-20.7285
4.11		-20.6975
4.12		-20.6666
4.13		-20.6358
4.14		-20.6051
4.15		-20.5744
4.16		-20.5439
4.17		-20.5134
4.18		-20.4830
4.19		-20.4528
4.20		-20.4226
4.21		-20.3925
4.22		-20.3625
4.23		-20.3325
4.24		-20.3027
4.25		-20.2729
4.26		-20.2433
4.27		-20.2137
4.28		-20.1842
4.29		-20.1548
4.30		-20.1255
4.31		-20.0962
4.32		-20.0671
4.33		-20.0380
4.34		-20.0090
4.35		-19.9801
4.36		-19.9513
4.37		-19.9226
4.38		-19.8939
4.39		-19.8654
4.40		-19.8369
4.41		-19.8085
4.42		-19.7801
4.43		-19.7519
4.44		-19.7237
4.45		-19.6956
4.46		-19.6676
4.47		-19.6397
4.48		-19.6119
4.49		-19.5841
4.50		-19.5564
4.51		-19.5288
4.52		-19.5013
4.53		-19.4738
4.54		-19.4465
4.55		-19.4192
4.56		-19.3919
4.57		-19.3648
4.58		-19.3377
4.59		-19.3108
4.60		-19.2838
4.61		-19.2570
4.62		-19.2302
4.63		-19.2036
4.64		-19.1769
4.65		-19.1504
4.66		-19.1239
4.67		-19.0976
4.68		-19.0712
4.69		-19.0450
4.70		-19.0188
4.71		-18.9927
4.72		-18.9667
4.73		-18.9408
4.74		-18.9149
4.75		-18.8891
4.76		-18.8633
4.77		-18.8377
4.78		-18.8121
4.79		-18.7866
4.80		-18.7611
4.81		-18.7357
4.82		-18.7104
4.83		-18.6852
4.84		-18.6600
4.85		-18.6349
4.86		-18.6099
4.87		-18.5849
4.88		-18.5600
4.89		-18.5352
4.90		-18.5104
4.91		-18.4857
4.92		-18.4611
4.93		-18.4366
4.94		-18.4121
4.95		-18.3876
4.96		-18.3633
4.97		-18.3390
4.98		-18.3148
4.99		-18.2906
5.00		-18.2665
5.01		-18.2425
5.02		-18.2185
5.03		-18.1946
5.04		-18.1708
5.05		-18.1470
5.06		-18.1233
5.07		-18.0997
5.08		-18.0761
5.09		-18.0526
5.10		-18.0291
5.11		-18.0058
5.12		-17.9824
5.13		-17.9592
5.14		-17.9360
5.15		-17.9128
5.16		-17.8898
5.17		-17.8667
5.18		-17.8438
5.19		-17.8209
5.20		-17.7981
5.21		-17.7753
5.22		-17.7526
5.23		-17.7300
5.24		-17.7074
5.25		-17.6848
5.26		-17.6624
5.27		-17.6400
5.28		-17.6176
5.29		-17.5953
5.30		-17.5731
5.31		-17.5509
5.32		-17.5288
5.33		-17.5068
5.34		-17.4848
5.35		-17.4628
5.36		-17.4409
5.37		-17.4191
5.38		-17.3973
5.39		-17.3756
5.40		-17.3540
5.41		-17.3324
5.42		-17.3108
5.43		-17.2894
5.44		-17.2679
5.45		-17.2466
5.46		-17.2252
5.47		-17.2040
5.48		-17.1828
5.49		-17.1616
5.50		-17.1405
5.51		-17.1195
5.52		-17.0985
5.53		-17.0776
5.54		-17.0567
5.55		-17.0359
5.56		-17.0151
5.57		-16.9944
5.58		-16.9737
5.59		-16.9531
5.60		-16.9326
5.61		-16.9121
5.62		-16.8916
5.63		-16.8712
5.64		-16.8509
5.65		-16.8306
5.66		-16.8104
5.67		-16.7902
5.68		-16.7700
5.69		-16.7499
5.70		-16.7299
5.71		-16.7099
5.72		-16.6900
5.73		-16.6701
5.74		-16.6503
5.75		-16.6305
5.76		-16.6108
5.77		-16.5911
5.78		-16.5715
5.79		-16.5519
5.80		-16.5324
5.81		-16.5129
5.82		-16.4934
5.83		-16.4741
5.84		-16.4547
5.85		-16.4354
5.86		-16.4162
5.87		-16.3970
5.88		-16.3779
5.89		-16.3588
5.90		-16.3397
5.91		-16.3207
5.92		-16.3018
5.93		-16.2829
5.94		-16.2640
5.95		-16.2452
5.96		-16.2265
5.97		-16.2078
5.98		-16.1891
5.99		-16.1705
6.00		-16.1519
6.01		-16.1334
6.02		-16.1149
6.03		-16.0965
6.04		-16.0781
6.05		-16.0597
6.06		-16.0414
6.07		-16.0232
6.08		-16.0050
6.09		-15.9868
6.10		-15.9687
6.11		-15.9506
6.12		-15.9326
6.13		-15.9146
6.14		-15.8967
6.15		-15.8788
6.16		-15.8609
6.17		-15.8431
6.18		-15.8254
6.19		-15.8076
6.20		-15.7900
6.21		-15.7723
6.22		-15.7547
6.23		-15.7372
6.24		-15.7197
6.25		-15.7022
6.26		-15.6848
6.27		-15.6674
6.28		-15.6501
6.29		-15.6328
6.30		-15.6156
6.31		-15.5984
6.32		-15.5812
6.33		-15.5641
6.34		-15.5470
6.35		-15.5299
6.36		-15.5129
6.37		-15.4960
6.38		-15.4791
6.39		-15.4622
6.40		-15.4454
6.41		-15.4286
6.42		-15.4118
6.43		-15.3951
6.44		-15.3784
6.45		-15.3618
6.46		-15.3452
6.47		-15.3286
6.48		-15.3121
6.49		-15.2956
6.50		-15.2792
6.51		-15.2628
6.52		-15.2464
6.53		-15.2301
6.54		-15.2139
6.55		-15.1976
6.56		-15.1814
6.57		-15.1652
6.58		-15.1491
6.59		-15.1330
6.60		-15.1170
6.61		-15.1010
6.62		-15.0850
6.63		-15.0691
6.64		-15.0532
6.65		-15.0373
6.66		-15.0215
6.67		-15.0057
6.68		-14.9900
6.69		-14.9742
6.70		-14.9586
6.71		-14.9429
6.72		-14.9273
6.73		-14.9118
6.74		-14.8962
6.75		-14.8808
6.76		-14.8653
6.77		-14.8499
6.78		-14.8345
6.79		-14.8192
6.80		-14.8038
6.81		-14.7886
6.82		-14.7733
6.83		-14.7581
6.84		-14.7430
6.85		-14.7278
6.86		-14.7127
6.87		-14.6977
6.88		-14.6826
6.89		-14.6677
6.90		-14.6527
6.91		-14.6378
6.92		-14.6229
6.93		-14.6080
6.94		-14.5932
6.95		-14.5784
6.96		-14.5637
6.97		-14.5490
6.98		-14.5343
6.99		-14.5196
7.00		-14.5050
7.01		-14.4904
7.02		-14.4759
7.03		-14.4614
7.04		-14.4469
7.05		-14.4325
7.06		-14.4180
7.07		-14.4037
7.08		-14.3893
7.09		-14.3750
7.10		-14.3607
7.11		-14.3465
7.12		-14.3322
7.13		-14.3181
7.14		-14.3039
7.15		-14.2898
7.16		-14.2757
7.17		-14.2616
7.18		-14.2476
7.19		-14.2336
7.20		-14.2197
7.21		-14.2057
7.22		-14.1918
7.23		-14.1780
7.24		-14.1641
7.25		-14.1503
7.26		-14.1365
7.27		-14.1228
7.28		-14.1091
7.29		-14.0954
7.30		-14.0818
7.31		-14.0681
7.32		-14.0546
7.33		-14.0410
7.34		-14.0275
7.35		-14.0140
7.36		-14.0005
7.37		-13.9871
7.38		-13.9737
7.39		-13.9603
7.40		-13.9469
7.41		-13.9336
7.42		-13.9203
7.43		-13.9071
7.44		-13.8938
7.45		-13.8806
7.46		-13.8675
7.47		-13.8543
7.48		-13.8412
7.49		-13.8281
7.50		-13.8151
7.51		-13.8021
7.52		-13.7891
7.53		-13.7761
7.54		-13.7632
7.55		-13.7503
7.56		-13.7374
7.57		-13.7245
7.58		-13.7117
7.59		-13.6989
7.60		-13.6861
7.61		-13.6734
7.62		-13.6607
7.63		-13.6480
7.64		-13.6354
7.65		-13.6227
7.66		-13.6101
7.67		-13.5976
7.68		-13.5850
7.69		-13.5725
7.70		-13.5600
7.71		-13.5475
7.72		-13.5351
7.73		-13.5227
7.74		-13.5103
7.75		-13.4980
7.76		-13.4856
7.77		-13.4733
7.78		-13.4611
7.79		-13.4488
7.80		-13.4366
7.81		-13.4244
7.82		-13.4122
7.83		-13.4001
7.84		-13.3880
7.85		-13.3759
7.86		-13.3638
7.87		-13.3518
7.88		-13.3398
7.89		-13.3278
7.90		-13.3158
7.91		-13.3039
7.92		-13.2920
7.93		-13.2801
7.94		-13.2682
7.95		-13.2564
7.96		-13.2446
7.97		-13.2328
7.98		-13.2211
7.99		-13.2093
8.00		-13.1976
8.01		-13.1860
8.02		-13.1743
