Zaman(s)	Ivme_y(m/s^2)
------------------------------
0.00		-340.9224
0.01		-330.9137
0.02		-321.3477
0.03		-312.1986
0.04		-303.4424
0.05		-295.0569
0.06		-287.0214
0.07		-279.3166
0.08		-271.9245
0.09		-264.8284
0.10		-258.0127
0.11		-251.4626
0.12		-245.1646
0.13		-239.1058
0.14		-233.2743
0.15		-227.6588
0.16		-222.2486
0.17		-217.0339
0.18		-212.0054
0.19		-207.1543
0.20		-202.4722
0.21		-197.9515
0.22		-193.5847
0.23		-189.3649
0.24		-185.2857
0.25		-181.3407
0.26		-177.5242
0.27		-173.8306
0.28		-170.2547
0.29		-166.7916
0.30		-163.4364
0.31		-160.1848
0.32		-157.0326
0.33		-153.9757
0.34		-151.0103
0.35		-148.1328
0.36		-145.3397
0.37		-142.6277
0.38		-139.9938
0.39		-137.4350
0.40		-134.9484
0.41		-132.5313
0.42		-130.1812
0.43		-127.8956
0.44		-125.6722
0.45		-123.5086
0.46		-121.4029
0.47		-119.3529
0.48		-117.3566
0.49		-115.4123
0.50		-113.5181
0.51		-111.6723
0.52		-109.8733
0.53		-108.1195
0.54		-106.4094
0.55		-104.7416
0.56		-103.1146
0.57		-101.5272
0.58		-99.9780
0.59		-98.4659
0.60		-96.9897
0.61		-95.5482
0.62		-94.1404
0.63		-92.7652
0.64		-91.4216
0.65		-90.1087
0.66		-88.8255
0.67		-87.5711
0.68		-86.3448
0.69		-85.1455
0.70		-83.9727
0.71		-82.8254
0.72		-81.7029
0.73		-80.6046
0.74		-79.5297
0.75		-78.4776
0.76		-77.4477
0.77		-76.4392
0.78		-75.4517
0.79		-74.4846
0.80		-73.5372
0.81		-72.6091
0.82		-71.6997
0.83		-70.8086
0.84		-69.9352
0.85		-69.0791
0.86		-68.2398
0.87		-67.4169
0.88		-66.6100
0.89		-65.8186
0.90		-65.0424
0.91		-64.2810
0.92		-63.5339
0.93		-62.8009
0.94		-62.0816
0.95		-61.3756
0.96		-60.6827
0.97		-60.0024
0.98		-59.3345
0.99		-58.6788
1.00		-58.0348
1.01		-57.4023
1.02		-56.7811
1.03		-56.1709
1.04		-55.5714
1.05		-54.9824
1.06		-54.4036
1.07		-53.8348
1.08		-53.2758
1.09		-52.7263
1.10		-52.1861
1.11		-51.6550
1.12		-51.1329
1.13		-50.6195
1.14		-50.1146
1.15		-49.6180
1.16		-49.1296
1.17		-48.6491
1.18		-48.1765
1.19		-47.7115
1.20		-47.2539
1.21		-46.8037
1.22		-46.3606
1.23		-45.9246
1.24		-45.4953
1.25		-45.0728
1.26		-44.6569
1.27		-44.2474
1.28		-43.8442
1.29		-43.4472
1.30		-43.0562
1.31		-42.6712
1.32		-42.2920
1.33		-41.9185
1.34		-41.5505
1.35		-41.1880
1.36		-40.8309
1.37		-40.4790
1.38		-40.1323
1.39		-39.7907
1.40		-39.4540
1.41		-39.1221
1.42		-38.7951
1.43		-38.4727
1.44		-38.1548
1.45		-37.8415
1.46		-37.5326
1.47		-37.2281
1.48		-36.9278
1.49		-36.6316
1.50		-36.3396
1.51		-36.0516
1.52		-35.7675
1.53		-35.4873
1.54		-35.2109
1.55		-34.9383
1.56		-34.6693
1.57		-34.4039
1.58		-34.1421
1.59		-33.8837
1.60		-33.6287
1.61		-33.3772
1.62		-33.1289
1.63		-32.8838
1.64		-32.6420
1.65		-32.4032
1.66		-32.1676
1.67		-31.9349
1.68		-31.7052
1.69		-31.4785
1.70		-31.2546
1.71		-31.0336
1.72		-30.8153
1.73		-30.5998
1.74		-30.3869
1.75		-30.1767
1.76		-29.9690
1.77		-29.7640
1.78		-29.5614
1.79		-29.3613
1.80		-29.1637
1.81		-28.9684
1.82		-28.7755
1.83		-28.5849
1.84		-28.3966
1.85		-28.2105
1.86		-28.0267
1.87		-27.8450
1.88		-27.6654
1.89		-27.4880
1.90		-27.3126
1.91		-27.1392
1.92		-26.9679
1.93		-26.7986
1.94		-26.6312
1.95		-26.4657
1.96		-26.3021
1.97		-26.1404
1.98		-25.9805
1.99		-25.8224
2.00		-25.6660
2.01		-25.5115
2.02		-25.3586
2.03		-25.2075
2.04		-25.0580
2.05		-24.9102
2.06		-24.7640
2.07		-24.6194
2.08		-24.4764
2.09		-24.3349
2.10		-24.1950
2.11		-24.0566
2.12		-23.9196
2.13		-23.7842
2.14		-23.6501
2.15		-23.5176
2.16		-23.3864
2.17		-23.2566
2.18		-23.1282
2.19		-23.0011
2.20		-22.8753
2.21		-22.7509
2.22		-22.6277
2.23		-22.5059
2.24		-22.3853
2.25		-22.2659
2.26		-22.1477
2.27		-22.0308
2.28		-21.9150
2.29		-21.8005
2.30		-21.6870
2.31		-21.5747
2.32		-21.4636
2.33		-21.3536
2.34		-21.2446
2.35		-21.1368
2.36		-21.0300
2.37		-20.9242
2.38		-20.8195
2.39		-20.7159
2.40		-20.6132
2.41		-20.5116
2.42		-20.4109
2.43		-20.3112
2.44		-20.2125
2.45		-20.1147
2.46		-20.0179
2.47		-19.9220
2.48		-19.8270
2.49		-19.7329
2.50		-19.6397
2.51		-19.5473
2.52		-19.4559
2.53		-19.3653
2.54		-19.2755
2.55		-19.1866
2.56		-19.0985
2.57		-19.0113
2.58		-18.9248
2.59		-18.8392
2.60		-18.7543
2.61		-18.6702
2.62		-18.5868
2.63		-18.5043
2.64		-18.4224
2.65		-18.3414
2.66		-18.2610
2.67		-18.1814
2.68		-18.1025
2.69		-18.0242
2.70		-17.9467
2.71		-17.8699
2.72		-17.7938
2.73		-17.7183
2.74		-17.6435
2.75		-17.5693
2.76		-17.4958
2.77		-17.4230
2.78		-17.3508
2.79		-17.2792
2.80		-17.2082
2.81		-17.1378
2.82		-17.0681
2.83		-16.9989
2.84		-16.9303
2.85		-16.8623
2.86		-16.7949
2.87		-16.7281
2.88		-16.6618
2.89		-16.5961
2.90		-16.5310
2.91		-16.4664
2.92		-16.4023
2.93		-16.3388
2.94		-16.2758
2.95		-16.2133
2.96		-16.1513
2.97		-16.0899
2.98		-16.0289
2.99		-15.9685
3.00		-15.9085
3.01		-15.8491
3.02		-15.7901
3.03		-15.7316
3.04		-15.6736
3.05		-15.6160
3.06		-15.5589
3.07		-15.5023
3.08		-15.4461
3.09		-15.3904
3.10		-15.3351
3.11		-15.2803
3.12		-15.2259
3.13		-15.1719
3.14		-15.1183
3.15		-15.0652
3.16		-15.0125
3.17		-14.9602
3.18		-14.9083
3.19		-14.8568
3.20		-14.8057
3.21		-14.7550
3.22		-14.7047
3.23		-14.6548
3.24		-14.6053
3.25		-14.5561
3.26		-14.5073
3.27		-14.4589
3.28		-14.4109
3.29		-14.3632
3.30		-14.3159
3.31		-14.2690
3.32		-14.2224
